_G.Key="SylusIsTheBest";local userkey="https://raw.githubusercontent.com/Sylusispro/whid/main/rdhtrfhbtfrrhreo";local blacklist="https://raw.githubusercontent.com/Sylusispro/bhid/main/ergoiprejgiohiurguiwebrg";local key=game:HttpGet(userkey,true);local banned=game:HttpGet(blacklist,true);plr=game.Players.LocalPlayer;if string.find(key,_G.Key) then local FlatIdent_159B8=0;local Library;local Window;local Main;local MainSection;while true do if (FlatIdent_159B8==6) then MainSection=Main:NewSection("Idk");MainSection:NewButton("ServerHop (Dont use it using Infinite Yield)","Change Server",function()local FlatIdent_24723=0;local Http;local TPS;local Api;local _place;local _servers;local Server;local Next;while true do if (FlatIdent_24723==4) then TPS:TeleportToPlaceInstance(_place,Server.id,game.Players.LocalPlayer);break;end if (FlatIdent_24723==3) then Server,Next=nil;repeat local FlatIdent_30597=0;local Servers;while true do if (FlatIdent_30597==1) then Next=Servers.nextPageCursor;break;end if (FlatIdent_30597==0) then Servers=ListServers(Next);Server=Servers.data[1];FlatIdent_30597=1;end end until Server FlatIdent_24723=4;end if (FlatIdent_24723==2) then _servers=Api   .. _place   .. "/servers/Public?sortOrder=Asc&limit=100";function ListServers(cursor)local FlatIdent_98B5B=0;local Raw;while true do if (FlatIdent_98B5B==0) then Raw=game:HttpGet(_servers   .. ((cursor and ("&cursor="   .. cursor)) or ""));return Http:JSONDecode(Raw);end end end FlatIdent_24723=3;end if (FlatIdent_24723==1) then Api="https://games.roblox.com/v1/games/";_place=game.PlaceId;FlatIdent_24723=2;end if (FlatIdent_24723==0) then Http=game:GetService("HttpService");TPS=game:GetService("TeleportService");FlatIdent_24723=1;end end end);Main=Window:NewTab("Tools");FlatIdent_159B8=7;end if (FlatIdent_159B8==0) then Library=loadstring(game:HttpGet("https://raw.githubusercontent.com/xHeptc/Kavo-UI-Library/main/source.lua"))();Window=Library.CreateLib("| SYLUS GUI |       | In Another Time [DIO BOSS AND SPOH] |","Serpent");Main=Window:NewTab("Main");FlatIdent_159B8=1;end if (FlatIdent_159B8==1) then MainSection=Main:NewSection("Lmao");MainSection:NewButton("Infinite Yield","command console",function()loadstring(game:HttpGet("https://raw.githubusercontent.com/EdgeIY/infiniteyield/master/source",true))();end);MainSection:NewButton("Kill Dio","for this need jotaro spawn lol",function()local FlatIdent_69B24=0;local A_1;local A_2;local Event;local A_3;local A_4;local A_5;local A_6;local A_7;local A_8;while true do if (39==FlatIdent_69B24) then A_6=1;A_7="rbxassetid://260430079";A_8=2;Event=game:GetService("ReplicatedStorage").Attacks.DamageBlunt;Event:FireServer(A_1,A_2,A_3,A_4,A_5,A_6,A_7,A_8);A_1="Kick";A_2="(B)";A_3=1;Event=game:GetService("ReplicatedStorage").CoolDowns;FlatIdent_69B24=40;end if (FlatIdent_69B24==8) then A_2="(B)";A_3=1;Event=game:GetService("ReplicatedStorage").CoolDowns;Event:FireServer(A_1,A_2,A_3);A_1=game:GetService("Workspace").XJohan7u7X.Stand["Stand Right Arm"].Trail;A_2=true;Event=game:GetService("ReplicatedStorage").Basic.Enabled;Event:FireServer(A_1,A_2);A_1=game:GetService("Workspace").DioOverHeaven.Humanoid;FlatIdent_69B24=9;end if (FlatIdent_69B24==47) then A_2=100;A_3=CFrame.new( -13100.915,1619.33508,1890.34131,0.104271963, -0.2512936, -0.962278128,0.935461521,0.353311509,0.00910079479,0.33769682, -0.901123047,0.271915972);A_4=Vector3.new(21.998210906982422, -1.2313399793129065E-6,11.877655982971191);A_5=0.25;A_6=1;A_7="rbxassetid://260430079";A_8=2;Event=game:GetService("ReplicatedStorage").Attacks.DamageBlunt;Event:FireServer(A_1,A_2,A_3,A_4,A_5,A_6,A_7,A_8);FlatIdent_69B24=48;end if (FlatIdent_69B24==56) then A_7="rbxassetid://260430079";A_8=2;Event=game:GetService("ReplicatedStorage").Attacks.DamageBlunt;Event:FireServer(A_1,A_2,A_3,A_4,A_5,A_6,A_7,A_8);A_1="Kick";A_2="(B)";A_3=1;Event=game:GetService("ReplicatedStorage").CoolDowns;Event:FireServer(A_1,A_2,A_3);FlatIdent_69B24=57;end if (FlatIdent_69B24==16) then A_8=2;Event=game:GetService("ReplicatedStorage").Attacks.DamageBlunt;Event:FireServer(A_1,A_2,A_3,A_4,A_5,A_6,A_7,A_8);A_1="Kick";A_2="(B)";A_3=1;Event=game:GetService("ReplicatedStorage").CoolDowns;Event:FireServer(A_1,A_2,A_3);A_1=game:GetService("Workspace").XJohan7u7X.Stand["Stand Right Arm"].Trail;FlatIdent_69B24=17;end if (FlatIdent_69B24==7) then A_3=CFrame.new( -13100.915,1619.33508,1890.34131,0.104271963, -0.2512936, -0.962278128,0.935461521,0.353311509,0.00910079479,0.33769682, -0.901123047,0.271915972);A_4=Vector3.new(21.998210906982422, -1.2313399793129065E-6,11.877655982971191);A_5=0.25;A_6=1;A_7="rbxassetid://260430079";A_8=2;Event=game:GetService("ReplicatedStorage").Attacks.DamageBlunt;Event:FireServer(A_1,A_2,A_3,A_4,A_5,A_6,A_7,A_8);A_1="Kick";FlatIdent_69B24=8;end if (FlatIdent_69B24==5) then A_4=Vector3.new(21.998210906982422, -1.2313399793129065E-6,11.877655982971191);A_5=0.25;A_6=1;A_7="rbxassetid://260430079";A_8=2;Event=game:GetService("ReplicatedStorage").Attacks.DamageBlunt;Event:FireServer(A_1,A_2,A_3,A_4,A_5,A_6,A_7,A_8);A_1="Kick";A_2="(B)";FlatIdent_69B24=6;end if (FlatIdent_69B24==44) then A_3=1;Event=game:GetService("ReplicatedStorage").CoolDowns;Event:FireServer(A_1,A_2,A_3);A_1=game:GetService("Workspace").XJohan7u7X.Stand["Stand Right Arm"].Trail;A_2=true;Event=game:GetService("ReplicatedStorage").Basic.Enabled;Event:FireServer(A_1,A_2);A_1=game:GetService("Workspace").DioOverHeaven.Humanoid;A_2=100;FlatIdent_69B24=45;end if (FlatIdent_69B24==53) then Event=game:GetService("ReplicatedStorage").Basic.Enabled;Event:FireServer(A_1,A_2);A_1=game:GetService("Workspace").DioOverHeaven.Humanoid;A_2=100;A_3=CFrame.new( -13100.915,1619.33508,1890.34131,0.104271963, -0.2512936, -0.962278128,0.935461521,0.353311509,0.00910079479,0.33769682, -0.901123047,0.271915972);A_4=Vector3.new(21.998210906982422, -1.2313399793129065E-6,11.877655982971191);A_5=0.25;A_6=1;A_7="rbxassetid://260430079";FlatIdent_69B24=54;end if (FlatIdent_69B24==25) then A_3=1;Event=game:GetService("ReplicatedStorage").CoolDowns;Event:FireServer(A_1,A_2,A_3);A_1=game:GetService("Workspace").XJohan7u7X.Stand["Stand Right Arm"].Trail;A_2=true;Event=game:GetService("ReplicatedStorage").Basic.Enabled;Event:FireServer(A_1,A_2);A_1=game:GetService("Workspace").DioOverHeaven.Humanoid;A_2=100;FlatIdent_69B24=26;end if (FlatIdent_69B24==6) then A_3=1;Event=game:GetService("ReplicatedStorage").CoolDowns;Event:FireServer(A_1,A_2,A_3);A_1=game:GetService("Workspace").XJohan7u7X.Stand["Stand Right Arm"].Trail;A_2=true;Event=game:GetService("ReplicatedStorage").Basic.Enabled;Event:FireServer(A_1,A_2);A_1=game:GetService("Workspace").DioOverHeaven.Humanoid;A_2=100;FlatIdent_69B24=7;end if (42==FlatIdent_69B24) then Event=game:GetService("ReplicatedStorage").CoolDowns;Event:FireServer(A_1,A_2,A_3);A_1=game:GetService("Workspace").XJohan7u7X.Stand["Stand Right Arm"].Trail;A_2=true;Event=game:GetService("ReplicatedStorage").Basic.Enabled;Event:FireServer(A_1,A_2);A_1=game:GetService("Workspace").DioOverHeaven.Humanoid;A_2=100;A_3=CFrame.new( -13100.915,1619.33508,1890.34131,0.104271963, -0.2512936, -0.962278128,0.935461521,0.353311509,0.00910079479,0.33769682, -0.901123047,0.271915972);FlatIdent_69B24=43;end if (FlatIdent_69B24==52) then Event=game:GetService("ReplicatedStorage").Attacks.DamageBlunt;Event:FireServer(A_1,A_2,A_3,A_4,A_5,A_6,A_7,A_8);A_1="Kick";A_2="(B)";A_3=1;Event=game:GetService("ReplicatedStorage").CoolDowns;Event:FireServer(A_1,A_2,A_3);A_1=game:GetService("Workspace").XJohan7u7X.Stand["Stand Right Arm"].Trail;A_2=true;FlatIdent_69B24=53;end if (FlatIdent_69B24==57) then A_1=game:GetService("Workspace").XJohan7u7X.Stand["Stand Right Arm"].Trail;A_2=true;Event=game:GetService("ReplicatedStorage").Basic.Enabled;Event:FireServer(A_1,A_2);A_1=game:GetService("Workspace").DioOverHeaven.Humanoid;A_2=100;A_3=CFrame.new( -13100.915,1619.33508,1890.34131,0.104271963, -0.2512936, -0.962278128,0.935461521,0.353311509,0.00910079479,0.33769682, -0.901123047,0.271915972);A_4=Vector3.new(21.998210906982422, -1.2313399793129065E-6,11.877655982971191);A_5=0.25;FlatIdent_69B24=58;end if (FlatIdent_69B24==18) then A_7="rbxassetid://260430079";A_8=2;Event=game:GetService("ReplicatedStorage").Attacks.DamageBlunt;Event:FireServer(A_1,A_2,A_3,A_4,A_5,A_6,A_7,A_8);A_1="Kick";A_2="(B)";A_3=1;Event=game:GetService("ReplicatedStorage").CoolDowns;Event:FireServer(A_1,A_2,A_3);FlatIdent_69B24=19;end if (FlatIdent_69B24==49) then A_1=game:GetService("Workspace").DioOverHeaven.Humanoid;A_2=100;A_3=CFrame.new( -13100.915,1619.33508,1890.34131,0.104271963, -0.2512936, -0.962278128,0.935461521,0.353311509,0.00910079479,0.33769682, -0.901123047,0.271915972);A_4=Vector3.new(21.998210906982422, -1.2313399793129065E-6,11.877655982971191);A_5=0.25;A_6=1;A_7="rbxassetid://260430079";A_8=2;Event=game:GetService("ReplicatedStorage").Attacks.DamageBlunt;FlatIdent_69B24=50;end if (FlatIdent_69B24==28) then A_2=100;A_3=CFrame.new( -13100.915,1619.33508,1890.34131,0.104271963, -0.2512936, -0.962278128,0.935461521,0.353311509,0.00910079479,0.33769682, -0.901123047,0.271915972);A_4=Vector3.new(21.998210906982422, -1.2313399793129065E-6,11.877655982971191);A_5=0.25;A_6=1;A_7="rbxassetid://260430079";A_8=2;Event=game:GetService("ReplicatedStorage").Attacks.DamageBlunt;Event:FireServer(A_1,A_2,A_3,A_4,A_5,A_6,A_7,A_8);FlatIdent_69B24=29;end if (FlatIdent_69B24==15) then Event=game:GetService("ReplicatedStorage").Basic.Enabled;Event:FireServer(A_1,A_2);A_1=game:GetService("Workspace").DioOverHeaven.Humanoid;A_2=100;A_3=CFrame.new( -13100.915,1619.33508,1890.34131,0.104271963, -0.2512936, -0.962278128,0.935461521,0.353311509,0.00910079479,0.33769682, -0.901123047,0.271915972);A_4=Vector3.new(21.998210906982422, -1.2313399793129065E-6,11.877655982971191);A_5=0.25;A_6=1;A_7="rbxassetid://260430079";FlatIdent_69B24=16;end if (FlatIdent_69B24==1) then A_6=1;A_7="rbxassetid://260430079";A_8=2;Event=game:GetService("ReplicatedStorage").Attacks.DamageBlunt;Event:FireServer(A_1,A_2,A_3,A_4,A_5,A_6,A_7,A_8);A_1="Kick";A_2="(B)";A_3=1;Event=game:GetService("ReplicatedStorage").CoolDowns;FlatIdent_69B24=2;end if (FlatIdent_69B24==48) then A_1="Kick";A_2="(B)";A_3=1;Event=game:GetService("ReplicatedStorage").CoolDowns;Event:FireServer(A_1,A_2,A_3);A_1=game:GetService("Workspace").XJohan7u7X.Stand["Stand Right Arm"].Trail;A_2=true;Event=game:GetService("ReplicatedStorage").Basic.Enabled;Event:FireServer(A_1,A_2);FlatIdent_69B24=49;end if (FlatIdent_69B24==3) then A_5=0.25;A_6=1;A_7="rbxassetid://260430079";A_8=2;Event=game:GetService("ReplicatedStorage").Attacks.DamageBlunt;Event:FireServer(A_1,A_2,A_3,A_4,A_5,A_6,A_7,A_8);A_1="Kick";A_2="(B)";A_3=1;FlatIdent_69B24=4;end if (FlatIdent_69B24==24) then A_4=Vector3.new(21.998210906982422, -1.2313399793129065E-6,11.877655982971191);A_5=0.25;A_6=1;A_7="rbxassetid://260430079";A_8=2;Event=game:GetService("ReplicatedStorage").Attacks.DamageBlunt;Event:FireServer(A_1,A_2,A_3,A_4,A_5,A_6,A_7,A_8);A_1="Kick";A_2="(B)";FlatIdent_69B24=25;end if (FlatIdent_69B24==38) then A_1=game:GetService("Workspace").XJohan7u7X.Stand["Stand Right Arm"].Trail;A_2=true;Event=game:GetService("ReplicatedStorage").Basic.Enabled;Event:FireServer(A_1,A_2);A_1=game:GetService("Workspace").DioOverHeaven.Humanoid;A_2=100;A_3=CFrame.new( -13100.915,1619.33508,1890.34131,0.104271963, -0.2512936, -0.962278128,0.935461521,0.353311509,0.00910079479,0.33769682, -0.901123047,0.271915972);A_4=Vector3.new(21.998210906982422, -1.2313399793129065E-6,11.877655982971191);A_5=0.25;FlatIdent_69B24=39;end if (FlatIdent_69B24==12) then Event:FireServer(A_1,A_2,A_3,A_4,A_5,A_6,A_7,A_8);A_1="Kick";A_2="(B)";A_3=1;Event=game:GetService("ReplicatedStorage").CoolDowns;Event:FireServer(A_1,A_2,A_3);A_1=game:GetService("Workspace").XJohan7u7X.Stand["Stand Right Arm"].Trail;A_2=true;Event=game:GetService("ReplicatedStorage").Basic.Enabled;FlatIdent_69B24=13;end if (FlatIdent_69B24==46) then A_2="(B)";A_3=1;Event=game:GetService("ReplicatedStorage").CoolDowns;Event:FireServer(A_1,A_2,A_3);A_1=game:GetService("Workspace").XJohan7u7X.Stand["Stand Right Arm"].Trail;A_2=true;Event=game:GetService("ReplicatedStorage").Basic.Enabled;Event:FireServer(A_1,A_2);A_1=game:GetService("Workspace").DioOverHeaven.Humanoid;FlatIdent_69B24=47;end if (FlatIdent_69B24==22) then A_5=0.25;A_6=1;A_7="rbxassetid://260430079";A_8=2;Event=game:GetService("ReplicatedStorage").Attacks.DamageBlunt;Event:FireServer(A_1,A_2,A_3,A_4,A_5,A_6,A_7,A_8);A_1="Kick";A_2="(B)";A_3=1;FlatIdent_69B24=23;end if (FlatIdent_69B24==50) then Event:FireServer(A_1,A_2,A_3,A_4,A_5,A_6,A_7,A_8);A_1="Kick";A_2="(B)";A_3=1;Event=game:GetService("ReplicatedStorage").CoolDowns;Event:FireServer(A_1,A_2,A_3);A_1=game:GetService("Workspace").XJohan7u7X.Stand["Stand Right Arm"].Trail;A_2=true;Event=game:GetService("ReplicatedStorage").Basic.Enabled;FlatIdent_69B24=51;end if (30==FlatIdent_69B24) then A_1=game:GetService("Workspace").DioOverHeaven.Humanoid;A_2=100;A_3=CFrame.new( -13100.915,1619.33508,1890.34131,0.104271963, -0.2512936, -0.962278128,0.935461521,0.353311509,0.00910079479,0.33769682, -0.901123047,0.271915972);A_4=Vector3.new(21.998210906982422, -1.2313399793129065E-6,11.877655982971191);A_5=0.25;A_6=1;A_7="rbxassetid://260430079";A_8=2;Event=game:GetService("ReplicatedStorage").Attacks.DamageBlunt;FlatIdent_69B24=31;end if (FlatIdent_69B24==21) then Event:FireServer(A_1,A_2,A_3);A_1=game:GetService("Workspace").XJohan7u7X.Stand["Stand Right Arm"].Trail;A_2=true;Event=game:GetService("ReplicatedStorage").Basic.Enabled;Event:FireServer(A_1,A_2);A_1=game:GetService("Workspace").DioOverHeaven.Humanoid;A_2=100;A_3=CFrame.new( -13100.915,1619.33508,1890.34131,0.104271963, -0.2512936, -0.962278128,0.935461521,0.353311509,0.00910079479,0.33769682, -0.901123047,0.271915972);A_4=Vector3.new(21.998210906982422, -1.2313399793129065E-6,11.877655982971191);FlatIdent_69B24=22;end if (FlatIdent_69B24==11) then A_1=game:GetService("Workspace").DioOverHeaven.Humanoid;A_2=100;A_3=CFrame.new( -13100.915,1619.33508,1890.34131,0.104271963, -0.2512936, -0.962278128,0.935461521,0.353311509,0.00910079479,0.33769682, -0.901123047,0.271915972);A_4=Vector3.new(21.998210906982422, -1.2313399793129065E-6,11.877655982971191);A_5=0.25;A_6=1;A_7="rbxassetid://260430079";A_8=2;Event=game:GetService("ReplicatedStorage").Attacks.DamageBlunt;FlatIdent_69B24=12;end if (FlatIdent_69B24==33) then Event=game:GetService("ReplicatedStorage").Attacks.DamageBlunt;Event:FireServer(A_1,A_2,A_3,A_4,A_5,A_6,A_7,A_8);A_1="Kick";A_2="(B)";A_3=1;Event=game:GetService("ReplicatedStorage").CoolDowns;Event:FireServer(A_1,A_2,A_3);A_1=game:GetService("Workspace").XJohan7u7X.Stand["Stand Right Arm"].Trail;A_2=true;FlatIdent_69B24=34;end if (FlatIdent_69B24==43) then A_4=Vector3.new(21.998210906982422, -1.2313399793129065E-6,11.877655982971191);A_5=0.25;A_6=1;A_7="rbxassetid://260430079";A_8=2;Event=game:GetService("ReplicatedStorage").Attacks.DamageBlunt;Event:FireServer(A_1,A_2,A_3,A_4,A_5,A_6,A_7,A_8);A_1="Kick";A_2="(B)";FlatIdent_69B24=44;end if (FlatIdent_69B24==19) then A_1=game:GetService("Workspace").XJohan7u7X.Stand["Stand Right Arm"].Trail;A_2=true;Event=game:GetService("ReplicatedStorage").Basic.Enabled;Event:FireServer(A_1,A_2);A_1=game:GetService("Workspace").DioOverHeaven.Humanoid;A_2=100;A_3=CFrame.new( -13100.915,1619.33508,1890.34131,0.104271963, -0.2512936, -0.962278128,0.935461521,0.353311509,0.00910079479,0.33769682, -0.901123047,0.271915972);A_4=Vector3.new(21.998210906982422, -1.2313399793129065E-6,11.877655982971191);A_5=0.25;FlatIdent_69B24=20;end if (FlatIdent_69B24==20) then A_6=1;A_7="rbxassetid://260430079";A_8=2;Event=game:GetService("ReplicatedStorage").Attacks.DamageBlunt;Event:FireServer(A_1,A_2,A_3,A_4,A_5,A_6,A_7,A_8);A_1="Kick";A_2="(B)";A_3=1;Event=game:GetService("ReplicatedStorage").CoolDowns;FlatIdent_69B24=21;end if (FlatIdent_69B24==45) then A_3=CFrame.new( -13100.915,1619.33508,1890.34131,0.104271963, -0.2512936, -0.962278128,0.935461521,0.353311509,0.00910079479,0.33769682, -0.901123047,0.271915972);A_4=Vector3.new(21.998210906982422, -1.2313399793129065E-6,11.877655982971191);A_5=0.25;A_6=1;A_7="rbxassetid://260430079";A_8=2;Event=game:GetService("ReplicatedStorage").Attacks.DamageBlunt;Event:FireServer(A_1,A_2,A_3,A_4,A_5,A_6,A_7,A_8);A_1="Kick";FlatIdent_69B24=46;end if (FlatIdent_69B24==2) then Event:FireServer(A_1,A_2,A_3);A_1=game:GetService("Workspace").XJohan7u7X.Stand["Stand Right Arm"].Trail;A_2=true;Event=game:GetService("ReplicatedStorage").Basic.Enabled;Event:FireServer(A_1,A_2);A_1=game:GetService("Workspace").DioOverHeaven.Humanoid;A_2=100;A_3=CFrame.new( -13100.915,1619.33508,1890.34131,0.104271963, -0.2512936, -0.962278128,0.935461521,0.353311509,0.00910079479,0.33769682, -0.901123047,0.271915972);A_4=Vector3.new(21.998210906982422, -1.2313399793129065E-6,11.877655982971191);FlatIdent_69B24=3;end if (FlatIdent_69B24==13) then Event:FireServer(A_1,A_2);A_1=game:GetService("Workspace").DioOverHeaven.Humanoid;A_2=100;A_3=CFrame.new( -13100.915,1619.33508,1890.34131,0.104271963, -0.2512936, -0.962278128,0.935461521,0.353311509,0.00910079479,0.33769682, -0.901123047,0.271915972);A_4=Vector3.new(21.998210906982422, -1.2313399793129065E-6,11.877655982971191);A_5=0.25;A_6=1;A_7="rbxassetid://260430079";A_8=2;FlatIdent_69B24=14;end if (55==FlatIdent_69B24) then A_2=true;Event=game:GetService("ReplicatedStorage").Basic.Enabled;Event:FireServer(A_1,A_2);A_1=game:GetService("Workspace").DioOverHeaven.Humanoid;A_2=100;A_3=CFrame.new( -13100.915,1619.33508,1890.34131,0.104271963, -0.2512936, -0.962278128,0.935461521,0.353311509,0.00910079479,0.33769682, -0.901123047,0.271915972);A_4=Vector3.new(21.998210906982422, -1.2313399793129065E-6,11.877655982971191);A_5=0.25;A_6=1;FlatIdent_69B24=56;end if (35==FlatIdent_69B24) then A_8=2;Event=game:GetService("ReplicatedStorage").Attacks.DamageBlunt;Event:FireServer(A_1,A_2,A_3,A_4,A_5,A_6,A_7,A_8);A_1="Kick";A_2="(B)";A_3=1;Event=game:GetService("ReplicatedStorage").CoolDowns;Event:FireServer(A_1,A_2,A_3);A_1=game:GetService("Workspace").XJohan7u7X.Stand["Stand Right Arm"].Trail;FlatIdent_69B24=36;end if (9==FlatIdent_69B24) then A_2=100;A_3=CFrame.new( -13100.915,1619.33508,1890.34131,0.104271963, -0.2512936, -0.962278128,0.935461521,0.353311509,0.00910079479,0.33769682, -0.901123047,0.271915972);A_4=Vector3.new(21.998210906982422, -1.2313399793129065E-6,11.877655982971191);A_5=0.25;A_6=1;A_7="rbxassetid://260430079";A_8=2;Event=game:GetService("ReplicatedStorage").Attacks.DamageBlunt;Event:FireServer(A_1,A_2,A_3,A_4,A_5,A_6,A_7,A_8);FlatIdent_69B24=10;end if (FlatIdent_69B24==26) then A_3=CFrame.new( -13100.915,1619.33508,1890.34131,0.104271963, -0.2512936, -0.962278128,0.935461521,0.353311509,0.00910079479,0.33769682, -0.901123047,0.271915972);A_4=Vector3.new(21.998210906982422, -1.2313399793129065E-6,11.877655982971191);A_5=0.25;A_6=1;A_7="rbxassetid://260430079";A_8=2;Event=game:GetService("ReplicatedStorage").Attacks.DamageBlunt;Event:FireServer(A_1,A_2,A_3,A_4,A_5,A_6,A_7,A_8);A_1="Kick";FlatIdent_69B24=27;end if (23==FlatIdent_69B24) then Event=game:GetService("ReplicatedStorage").CoolDowns;Event:FireServer(A_1,A_2,A_3);A_1=game:GetService("Workspace").XJohan7u7X.Stand["Stand Right Arm"].Trail;A_2=true;Event=game:GetService("ReplicatedStorage").Basic.Enabled;Event:FireServer(A_1,A_2);A_1=game:GetService("Workspace").DioOverHeaven.Humanoid;A_2=100;A_3=CFrame.new( -13100.915,1619.33508,1890.34131,0.104271963, -0.2512936, -0.962278128,0.935461521,0.353311509,0.00910079479,0.33769682, -0.901123047,0.271915972);FlatIdent_69B24=24;end if (FlatIdent_69B24==0) then A_1=game:GetService("Workspace").XJohan7u7X.Stand["Stand Right Arm"].Trail;A_2=true;Event=game:GetService("ReplicatedStorage").Basic.Enabled;Event:FireServer(A_1,A_2);A_1=game:GetService("Workspace").DioOverHeaven.Humanoid;A_2=100;A_3=CFrame.new( -13100.915,1619.33508,1890.34131,0.104271963, -0.2512936, -0.962278128,0.935461521,0.353311509,0.00910079479,0.33769682, -0.901123047,0.271915972);A_4=Vector3.new(21.998210906982422, -1.2313399793129065E-6,11.877655982971191);A_5=0.25;FlatIdent_69B24=1;end if (FlatIdent_69B24==14) then Event=game:GetService("ReplicatedStorage").Attacks.DamageBlunt;Event:FireServer(A_1,A_2,A_3,A_4,A_5,A_6,A_7,A_8);A_1="Kick";A_2="(B)";A_3=1;Event=game:GetService("ReplicatedStorage").CoolDowns;Event:FireServer(A_1,A_2,A_3);A_1=game:GetService("Workspace").XJohan7u7X.Stand["Stand Right Arm"].Trail;A_2=true;FlatIdent_69B24=15;end if (FlatIdent_69B24==27) then A_2="(B)";A_3=1;Event=game:GetService("ReplicatedStorage").CoolDowns;Event:FireServer(A_1,A_2,A_3);A_1=game:GetService("Workspace").XJohan7u7X.Stand["Stand Right Arm"].Trail;A_2=true;Event=game:GetService("ReplicatedStorage").Basic.Enabled;Event:FireServer(A_1,A_2);A_1=game:GetService("Workspace").DioOverHeaven.Humanoid;FlatIdent_69B24=28;end if (29==FlatIdent_69B24) then A_1="Kick";A_2="(B)";A_3=1;Event=game:GetService("ReplicatedStorage").CoolDowns;Event:FireServer(A_1,A_2,A_3);A_1=game:GetService("Workspace").XJohan7u7X.Stand["Stand Right Arm"].Trail;A_2=true;Event=game:GetService("ReplicatedStorage").Basic.Enabled;Event:FireServer(A_1,A_2);FlatIdent_69B24=30;end if (FlatIdent_69B24==41) then A_5=0.25;A_6=1;A_7="rbxassetid://260430079";A_8=2;Event=game:GetService("ReplicatedStorage").Attacks.DamageBlunt;Event:FireServer(A_1,A_2,A_3,A_4,A_5,A_6,A_7,A_8);A_1="Kick";A_2="(B)";A_3=1;FlatIdent_69B24=42;end if (FlatIdent_69B24==37) then A_7="rbxassetid://260430079";A_8=2;Event=game:GetService("ReplicatedStorage").Attacks.DamageBlunt;Event:FireServer(A_1,A_2,A_3,A_4,A_5,A_6,A_7,A_8);A_1="Kick";A_2="(B)";A_3=1;Event=game:GetService("ReplicatedStorage").CoolDowns;Event:FireServer(A_1,A_2,A_3);FlatIdent_69B24=38;end if (FlatIdent_69B24==51) then Event:FireServer(A_1,A_2);A_1=game:GetService("Workspace").DioOverHeaven.Humanoid;A_2=100;A_3=CFrame.new( -13100.915,1619.33508,1890.34131,0.104271963, -0.2512936, -0.962278128,0.935461521,0.353311509,0.00910079479,0.33769682, -0.901123047,0.271915972);A_4=Vector3.new(21.998210906982422, -1.2313399793129065E-6,11.877655982971191);A_5=0.25;A_6=1;A_7="rbxassetid://260430079";A_8=2;FlatIdent_69B24=52;end if (FlatIdent_69B24==10) then A_1="Kick";A_2="(B)";A_3=1;Event=game:GetService("ReplicatedStorage").CoolDowns;Event:FireServer(A_1,A_2,A_3);A_1=game:GetService("Workspace").XJohan7u7X.Stand["Stand Right Arm"].Trail;A_2=true;Event=game:GetService("ReplicatedStorage").Basic.Enabled;Event:FireServer(A_1,A_2);FlatIdent_69B24=11;end if (FlatIdent_69B24==32) then Event:FireServer(A_1,A_2);A_1=game:GetService("Workspace").DioOverHeaven.Humanoid;A_2=100;A_3=CFrame.new( -13100.915,1619.33508,1890.34131,0.104271963, -0.2512936, -0.962278128,0.935461521,0.353311509,0.00910079479,0.33769682, -0.901123047,0.271915972);A_4=Vector3.new(21.998210906982422, -1.2313399793129065E-6,11.877655982971191);A_5=0.25;A_6=1;A_7="rbxassetid://260430079";A_8=2;FlatIdent_69B24=33;end if (FlatIdent_69B24==54) then A_8=2;Event=game:GetService("ReplicatedStorage").Attacks.DamageBlunt;Event:FireServer(A_1,A_2,A_3,A_4,A_5,A_6,A_7,A_8);A_1="Kick";A_2="(B)";A_3=1;Event=game:GetService("ReplicatedStorage").CoolDowns;Event:FireServer(A_1,A_2,A_3);A_1=game:GetService("Workspace").XJohan7u7X.Stand["Stand Right Arm"].Trail;FlatIdent_69B24=55;end if (FlatIdent_69B24==31) then Event:FireServer(A_1,A_2,A_3,A_4,A_5,A_6,A_7,A_8);A_1="Kick";A_2="(B)";A_3=1;Event=game:GetService("ReplicatedStorage").CoolDowns;Event:FireServer(A_1,A_2,A_3);A_1=game:GetService("Workspace").XJohan7u7X.Stand["Stand Right Arm"].Trail;A_2=true;Event=game:GetService("ReplicatedStorage").Basic.Enabled;FlatIdent_69B24=32;end if (FlatIdent_69B24==36) then A_2=true;Event=game:GetService("ReplicatedStorage").Basic.Enabled;Event:FireServer(A_1,A_2);A_1=game:GetService("Workspace").DioOverHeaven.Humanoid;A_2=100;A_3=CFrame.new( -13100.915,1619.33508,1890.34131,0.104271963, -0.2512936, -0.962278128,0.935461521,0.353311509,0.00910079479,0.33769682, -0.901123047,0.271915972);A_4=Vector3.new(21.998210906982422, -1.2313399793129065E-6,11.877655982971191);A_5=0.25;A_6=1;FlatIdent_69B24=37;end if (FlatIdent_69B24==40) then Event:FireServer(A_1,A_2,A_3);A_1=game:GetService("Workspace").XJohan7u7X.Stand["Stand Right Arm"].Trail;A_2=true;Event=game:GetService("ReplicatedStorage").Basic.Enabled;Event:FireServer(A_1,A_2);A_1=game:GetService("Workspace").DioOverHeaven.Humanoid;A_2=100;A_3=CFrame.new( -13100.915,1619.33508,1890.34131,0.104271963, -0.2512936, -0.962278128,0.935461521,0.353311509,0.00910079479,0.33769682, -0.901123047,0.271915972);A_4=Vector3.new(21.998210906982422, -1.2313399793129065E-6,11.877655982971191);FlatIdent_69B24=41;end if (FlatIdent_69B24==58) then A_6=1;A_7="rbxassetid://260430079";A_8=2;Event=game:GetService("ReplicatedStorage").Attacks.DamageBlunt;Event:FireServer(A_1,A_2,A_3,A_4,A_5,A_6,A_7,A_8);A_1="Kick";A_2="(B)";A_3=1;Event=game:GetService("ReplicatedStorage").CoolDowns;FlatIdent_69B24=59;end if (FlatIdent_69B24==34) then Event=game:GetService("ReplicatedStorage").Basic.Enabled;Event:FireServer(A_1,A_2);A_1=game:GetService("Workspace").DioOverHeaven.Humanoid;A_2=100;A_3=CFrame.new( -13100.915,1619.33508,1890.34131,0.104271963, -0.2512936, -0.962278128,0.935461521,0.353311509,0.00910079479,0.33769682, -0.901123047,0.271915972);A_4=Vector3.new(21.998210906982422, -1.2313399793129065E-6,11.877655982971191);A_5=0.25;A_6=1;A_7="rbxassetid://260430079";FlatIdent_69B24=35;end if (FlatIdent_69B24==17) then A_2=true;Event=game:GetService("ReplicatedStorage").Basic.Enabled;Event:FireServer(A_1,A_2);A_1=game:GetService("Workspace").DioOverHeaven.Humanoid;A_2=100;A_3=CFrame.new( -13100.915,1619.33508,1890.34131,0.104271963, -0.2512936, -0.962278128,0.935461521,0.353311509,0.00910079479,0.33769682, -0.901123047,0.271915972);A_4=Vector3.new(21.998210906982422, -1.2313399793129065E-6,11.877655982971191);A_5=0.25;A_6=1;FlatIdent_69B24=18;end if (FlatIdent_69B24==4) then Event=game:GetService("ReplicatedStorage").CoolDowns;Event:FireServer(A_1,A_2,A_3);A_1=game:GetService("Workspace").XJohan7u7X.Stand["Stand Right Arm"].Trail;A_2=true;Event=game:GetService("ReplicatedStorage").Basic.Enabled;Event:FireServer(A_1,A_2);A_1=game:GetService("Workspace").DioOverHeaven.Humanoid;A_2=100;A_3=CFrame.new( -13100.915,1619.33508,1890.34131,0.104271963, -0.2512936, -0.962278128,0.935461521,0.353311509,0.00910079479,0.33769682, -0.901123047,0.271915972);FlatIdent_69B24=5;end if (FlatIdent_69B24==59) then Event:FireServer(A_1,A_2,A_3);break;end end end);FlatIdent_159B8=2;end if (FlatIdent_159B8==4) then MainSection:NewButton("Jotaro Spawn 1","Idk",function()game.Players.LocalPlayer.Character.HumanoidRootPart.CFrame=CFrame.new( -766.891602, -5.30075073,1537.14185, -0.963265657,0, -0.268550366,0,1,0,0.268550366,0, -0.963265657);end);MainSection:NewButton("Jotaro Spawn 2","Idk",function()game.Players.LocalPlayer.Character.HumanoidRootPart.CFrame=CFrame.new( -602.467346, -5.10001755,1698.10474,0.99157232,0,0.12955448,0,1,0, -0.12955448,0,0.99157232);end);MainSection:NewButton("Jotaro Spawn 3","Idk",function()game.Players.LocalPlayer.Character.HumanoidRootPart.CFrame=CFrame.new( -539.144165, -5.30075073,1525.62988, -0.578289151,0,0.81583184,0,1,0, -0.81583184,0, -0.578289151);end);FlatIdent_159B8=5;end if (FlatIdent_159B8==9) then MainSection:NewButton("IAT 2","Kono dio da",function()loadstring(game:HttpGet("https://raw.githubusercontent.com/Synfinity/Syn-Hub/main/InAnotherTime"))();end);break;end if (FlatIdent_159B8==3) then MainSection=Main:NewSection("Lol");MainSection:NewButton("Dio Dimension","Idk",function()game.Players.LocalPlayer.Character.HumanoidRootPart.CFrame=CFrame.new( -13413.189453125,1619.5,1739.1300048828125);end);MainSection:NewButton("Earth","Idk",function()game.Players.LocalPlayer.Character.HumanoidRootPart.CFrame=CFrame.new( -829.4842529296875, -4.2079572677612305,1578.33935546875);end);FlatIdent_159B8=4;end if (FlatIdent_159B8==5) then MainSection:NewButton("Jotaro Spawn 4","Idk",function()game.Players.LocalPlayer.Character.HumanoidRootPart.CFrame=CFrame.new( -634.235901,50.7108574,1486.32373, -0.684858561,0,0.728676021,0,1,0, -0.728676021,0, -0.684858561);end);MainSection:NewButton("Jotaro Spawn 5","Idk",function()game.Players.LocalPlayer.Character.HumanoidRootPart.CFrame=CFrame.new( -639.36731, -5.30075073,1513.21924, -0.640936852,0, -0.767593563,0,1,0,0.767593563,0, -0.640936852);end);Main=Window:NewTab("Other");FlatIdent_159B8=6;end if (FlatIdent_159B8==7) then MainSection=Main:NewSection("Give Tools");MainSection:NewButton("Stand Arrow","Give a arrow for get a stand",function()game:GetService("ReplicatedStorage").ItemGiver.GiveArrow:FireServer();end);Main=Window:NewTab("Script Hubs");FlatIdent_159B8=8;end if (FlatIdent_159B8==2) then MainSection:NewButton("Kill Aura","Kills users",function()local FlatIdent_684F8=0;local UIS;local Source;while true do if (0==FlatIdent_684F8) then getgenv().Toggled=true;getgenv().KeyBind="L";FlatIdent_684F8=1;end if (FlatIdent_684F8==2) then Source=nil;function Source()local FlatIdent_8F073=0;local LP;local success;local err;while true do if (0==FlatIdent_8F073) then LP=game.Players.LocalPlayer;success,err=pcall(function()for i,v in pairs(game:GetService("Players"):GetChildren()) do if (v~=game.Players.LocalPlayer) then local FlatIdent_958AB=0;local args;while true do if (FlatIdent_958AB==1) then args={[1]=v.Character};game:GetService("ReplicatedStorage").SpecialMoves.BlockBreak:FireServer(unpack(args));break;end if (FlatIdent_958AB==0) then args={[1]=v.Character.Humanoid,[2]=100,[3]=v.Character.HumanoidRootPart.Position,[4]=v.Character.HumanoidRootPart.Position,[5]=0.1,[6]=1,[7]="rbxassetid://260430079",[8]=0.6};game:GetService("ReplicatedStorage").Attacks.DamageBlunt:FireServer(unpack(args));FlatIdent_958AB=1;end end end end end);FlatIdent_8F073=1;end if (FlatIdent_8F073==1) then if err then warn(err);end break;end end end FlatIdent_684F8=3;end if (FlatIdent_684F8==1) then getgenv().Delay=0;UIS=game:GetService("'UserInputService'");FlatIdent_684F8=2;end if (3==FlatIdent_684F8) then UIS.InputBegan:Connect(function(Key)if ((Key.KeyCode==Enum.KeyCode[getgenv().KeyBind:upper()]) and  not UIS:GetFocusedTextBox()) then if getgenv().Toggled then getgenv().Toggled=false;elseif  not getgenv().Toggled then local FlatIdent_4E93B=0;while true do if (FlatIdent_4E93B==0) then getgenv().Toggled=true;while getgenv().Toggled do local FlatIdent_2D9DF=0;while true do if (FlatIdent_2D9DF==0) then Source();wait(getgenv().Delay);break;end end end break;end end end end end);break;end end end);MainSection:NewButton("Click tp","For tp",function()local FlatIdent_98F38=0;while true do if (FlatIdent_98F38==2) then tool.Activated:connect(function()local FlatIdent_6F94B=0;local pos;while true do if (FlatIdent_6F94B==0) then pos=mouse.Hit + Vector3.new(0,2.5,0);pos=CFrame.new(pos.X,pos.Y,pos.Z);FlatIdent_6F94B=1;end if (FlatIdent_6F94B==1) then game.Players.LocalPlayer.Character.HumanoidRootPart.CFrame=pos;break;end end end);tool.Parent=game.Players.LocalPlayer.Backpack;break;end if (FlatIdent_98F38==1) then tool.RequiresHandle=false;tool.Name="Click Teleport";FlatIdent_98F38=2;end if (FlatIdent_98F38==0) then mouse=game.Players.LocalPlayer:GetMouse();tool=Instance.new("Tool");FlatIdent_98F38=1;end end end);Main=Window:NewTab("TP");FlatIdent_159B8=3;end if (FlatIdent_159B8==8) then MainSection=Main:NewSection("Just Hubs");MainSection:NewButton("In Another Time","Just a Hub",function()loadstring(game:HttpGet("\104\116\116\112\115\58\47\47\112\97\115\116\101\98\105\110\46\99\111\109\47\114\97\119\47\113\99\53\113\109\89\117\57\10"))();end);MainSection:NewButton("IAT (Dont ServerHop)","Ishowspeed Monke",function()loadstring(game:HttpGet("https://raw.githubusercontent.com/baconmanlol/ok/main/A",true))();end);FlatIdent_159B8=9;end end else plr:kick("Contact Owner for Unblacklisted");end
